110010111110110001
010111110010101110
110101110011110110
010011101100001011
011001010010111001
001000101000100110
101111011001110011
000011000011110111
010001110110110100
011001000011011101
101110100101110010
101001101011110101
110001101111110110
111001011010001010
011010101001111100
110100000110100010
101010101111000011
001111110100110101
001100010110101101
000100100011110011
101111111111000110
011111101111110100
100010001011011001
010010010001001101
001010010111111010
101100010010000111
001101001000000100
110011110011010100
100110111011011000
000111010111011111
111110111101010111
100110100101101010
000000010111010010
100110001011010000
010011101011011010
010101011010000001
101010011100010100
100000110011000110
011010110111101101
000111110011111010
011101100111111010
100011101110001000
101110111000000010
001010001111110010
111100010001001111
000000010101100000
100111011000110001
101010110001001101
101111010101100100
011010101011100110
110011110010011010
100101101111010000
111100000011111101
011100010011111101
100011011101101011
111000100010011010
000101100001101000
110000011100001010
111100110011101110
110010000001110100
000000100111011101
111100101000111000
100001010011000000
010001010100110110
110011011111111000
000010001101001011
101111110100100010
011110100011111111
001010011011001010
110101100000101001
010100110000100000
010101011000010110
101001000110000011
000010111110100111
000110100111001101
000111101110010101
110111000010100011
110001001101101110
110100001100010001
100011001011111101
000011111111111110
011110101101011000
001001100100011110
010001011101001011
100000100111010110
110011100010101011
010101110011001111
011101000110001101
100101001101101000
001010100010110011
011111111001000010
000100110001101110
001010000000110101
001001110110100111
001011110011111000
010011100011101100
111011110100011010
010110110110000100
110110100101000001
001110100111110000
010111110100110101
100110001011001110
001111101111000010
110011111110011011
000110001101101111
100111101000000001
001100110101110101
101101010000101001
001110010011101011
111100001010001010
000111101011010010
110011110011101111
110000010000110010
100110001001110010
111010001110010111
100010010001100111
001011110111001111
011011001100011101
110011100100110010
010010000010011010
011000010000101000
010110001100111010
101100001111011100
011100000010001010
101011111000110111
001110111010111111
011001111110010000
100111011100011001
010010100100100001
011000011000101000
001000000011001010
000110001100101000
010110101101100011
100001111110000100
110110100100010110
010111100100111011
010100011100010110
000001100010100111
011001001011110011
111000011111010001
000000101101110010
011010010011111110
110111110010111100
011010110001110100
000011011100001110
011111101000000010
011100101000010000
101000011000011001
100001101000000010
110011010110111111
100001101111010110
111100100111001001
100111110010101001
110011001111101100
001000010101110001
010111111011001110
011110000000100010
010001011101010110
011001010111000100
010101111001010100
100010100110100011
100101111100010101
110000110010110010
111111111100010011
010001001001000001
001001011001000000
110100010000010010
110110001101010110
111001101100111011
101110010011010001
110011101101101110
111010100110111001
111010100000111111
100001000101110110
111001101111001111
110101111011110000
101111001101011110
100100101001011010
000011111101111001
101001101010100010
001010011111000011
111100100010000011
011011011010101010
011100100101100001
101110000011100101
110100110110111101
000001001010111100
101111011101111111
111001101110100011
011011110011110000
110100111101011100
000011010010100000
101110110111110000
000001100010001101
000101111010110010
010001000101100110
110101111101001011
111010000011010011
000111111111000110
001001011110100010
